1

1234

1522756

1879080904

2318785835536

2861381721051424

3530945043777457216

4357186184021382204544

5376767751082385640407296

6634931404835663880262603264

8187505353567209228244052427776

10103381606301936187653160695875584

12467572902176589255564000298710470656

15384984961285911141365976368608720789504

18985071442226814348445614838863161454247936

23427578159707888905981888711157141234541953024

28909631449079534909981650669567912283424770031616

35674485208164146078917356926246803757746166219014144

44022314746874556261384018446988555837058769114263453696

54323536397643202426547878763583877902930521087001101860864

67035243914691711794360082394262505332216263021359359696306176

82721490990729572354240341674519931579954868568357449865241821184

102078319882560292285132581626357595569664307813353093133708407341056

125964646735079400679853605726925272932965755841677716926996174658863104

155440374071087980438939349467025786799279742708630302687913279529037070336

191813421603722567861651157242309820910311202502449793516884986938831744794624

236697762258993648741277528037010319003324023888023045199836073882518373076566016

292085038627598162546736469597670733650101845477820437776597715171027672376482463744

360432937666456132582672803483525685324225677319630420216321580521048147712579360260096

444774245080406867607018239498670695690094485812423938546940830362973414277322930560958464

548851418429222074627060507541359638481576595492531140166924984667909193218216496312222744576

677282650341660040089792666306037793886265518837783426965985431080199944431279156449282866806784

835766790521608489470804150221650637655651650245824748876026021952966731428198479058415057639571456

1031336219503664876006972321373516886867074136403347740113016111089960946582396923158084181127231176704

1272668894867522456992603844574919838393969484321731111299461881085011808082677803177075879511003272052736

1570473416266522711928873144205451080578158343653016191343535961258904571174024409120511635316578037713076224

1937964195672889026520229459949526633433447396067821980117923376193488240828746120854711357980657298537936060416

2391447817460345058725963153577715865656874086747692323465517446222764489182672713134713815748131106395813098553344

2951046606746065802467838531514901378220582623046652327156448528638891379651418128008236848633193785292433363614826496

3641591512724645200245312747889388300724198956839568971711057484340391962489849969962164271213361131050862770700695896064

4493723926702212177102715930895505163093661512740028111091444935676043681712474862933310710677287635716764659044658735742976

5545255325550529826544751458725053371257578306721194689086843050624237903233193980859705416975772942474487589261108879906832384

6842845071729353805956223300066715860131851630493954246333164324470309572589761372380876484548103811013517685148208357805031161856

8444070818514022596549979552282327371402704912029539539975124776396362012575765533518001581932360102790680823472889113531408453730304

10419983390046303884142674767516391976310937861444451792329303974073110723518494668361213952104532366843700136165545166097758031903195136

12858259503317138993032060663115227698767697321022453511734361104006218632821822420757738016896992940685125968028282734964633411368542797824

15867092227093349517401562858284190980279338494141707633480201602343673792902128867215048712850889288805445444546900894946357629628781812514816

19579991808233193304473528567122691669664703701770867219714568777292093460441227022143370111657997382385919678570875704363805314961916756643282944

24161709891359760537720334251829401520366244367985250149127777871178443330184474145324918717785968769864224883356460619184935758663005277697811152896

29815550005937944503546892466757481476131945550093798684023677893034199069447641095330949697747885462012453506061872404074210726190148512679098962673664

36792388707327423517376865303978732141546820808815747576085218520004201651698389111638391927020890660123367626480350546627576036118643264646008119939301376

45401807664842040620443051785109755462668776878078632508889159653685184838195812163761775637943779074592235651076752574538428828570405788573174020005097897984

56025830658415078125626725902825438240933270667549032515969223012647518090333632210082031137222623378046818793428712676980421174455880743099296740686290806112256

69135875032484206407023379764086590789311656003755506124706021197607037323471702147241226423332717248509774391091031443393839729278556836984532178006882854742523904

85313669790085510706266850628882853034010583508634294557887230157847084057164080449695673406392573084661061598606332801147998225929739136838912707660493442752274497536

105277068520965520211533293676041440643969060049654719484432842014783301726540475274924460983488435186471750012680214676616629810797298094859218281253048908356306729959424

129911902554871451941032084396235137754657820101273923843790127046242594330550946489256784853624729020106139515647384910944921186523865849056275359066262352911682504769929216

160311287752711371695233592144954159989247750004972022023237016775063361403899867967742872509372915610810976162308872980106032744170450457735443793087767743493016210886092652544

197824129086845832671918252706873433426731723506135475176674478700428187972412437072194704676566177863740744584289149257450844406306335864845537640670305395470382004233438333239296

244114975293167757517147123840281816848586946806571176368016306716328383957956947347088265570882663483856078817012810183694341997382018457219393448587156858010451393224062903217291264

301237879511769012776159550818907761991156292359308831638132122487949225804118873026306919714469206739078401260193807766678818024769410776208731515556551562784897019238493622570137419776

371727543317522961765780885710532178297086864771387098241455039150129344642282689314462738927655001116022747155079158784081661442565452897841574690196784628476562921740301130251549576003584

458711788453823334818973612966796708018605191127891679229955518311259611288576838614047019836726271377172069989367681939556770220125768875936503167702832231540078645427531594730412176788422656

566050346952017995166613438401027137694958805851818332169765109596094360330103818849734022478520218879430334366879719513413054451635198792905644908945294973720457048457573987897328626156913557504

698506128138790206035600982986867487915579166421143821897490145241580440647348112460571783738493950097217032608729573879551709193317835310445565817638493997571043997796646301065303524677631329959936

861956562123267114247931613005794480087824691363691476221502839228110263758827570776345581133301534419965818239172294167366809144554208773089828218965901593002668293281061535514584549452197061170561024

1063654397660111618981947610449150388428375669142795281657334503607488065478393222338010447118494093474237819707138611002530642484379893625992848022203922565765292673908829934824997334024011173484472303616

1312549526712577737823723351294251579320615575722209377565150777451640272800337236365104891744221711347209469518609045977122812825724788734475174459399640446154371159603496139574046710185629788079838822662144

1619686115963320928474474615497106448881639620441206371915396059375324096635616149674539436412369591802456485385963562735769551026944389298342365282899156310554494010950714236234373640369067158490521107165085696

1998692667098738025737501675523429357919943291624448662943598737269149935248350328698381664532864076284231302966279036415939625967249376394154478759097558887224245609513181367513217072215428873577303046241715748864

2466386751199842723760077067595911827673210021864569650072400841790131020096464305613802974033554270134741427860388330937269498443585730470386626788726387666834719082139265807511309867113839229994391959062277234098176

3043521250980605921119935101413355195348741166980878948189342638769021678799036953127432869957405969346270921979719200376590561079384791400457097457288362380874043347359854006468956376018477609813079677482850106877149184

3755705223710067706661999915144080311060346600054404622065648816240972751638011600159252161527438966173298317722973493264712752371960832588164058262293839177998569490642059843982692168006801370509340322013837031886402093056

4634540246058223550020907895287795103848467704467135303629010639241360375521306314596517167324859684257850124070149290688655536426999667413794447895670597545650234751452301847474642135320392891208525957365074897347820182831104

5719022663635847860725800342785139158149009147312444964678199128823838703393291992212102184478876850374187053102564224709800931950917589588622348703257517371332389683292140479783708394985364827751321031388502423327210105613582336

7057273966926636260135637622996861721155877287783557086412897724968616959987322318389734095646934033361746823528564253291894350027432305552359978299819776436224168869182501352053096159411940197445130152733411990385777270327160602624

8708676075187469145007376826778127363906352573124909444633515792611273328624355740892931874028316597168395580234248288562197627933851465051612213221977604122300624384571206668433520660714334203647290608473030396136049151583716183638016

10746506276781336924939103004244209167060439075236138254677758488082311287522454984261877932550942680905800146009062388085751872870372707873689471115920363486918970490560869028846964495321488407300756610855719508831884653054305770609311744

13261188745548169765374853107237354112152581818841394606272353974293572128802709450579157368767863268237757380175182986897817811122039921516132807357045728542858009585352112381597154187226716694609133657795957873898545661869013320931890692096

16364306912006441490472568734330894974396285964450280944140084804278268006942543462014680193059543273005392607136175805831907178924597263150907884278594429021886783828324506678890888267037768401147670933720212016390805346746362438029953114046464

20193554729415948799243149818164324398405016880131646685068864648479382720567098632126115358235476398888654477206040944396573458792953022728220329199785525413008291244152441241751356121524606207016225932210741628226253797885011248528962142733336576

24918846536099280818266046875614776307631790830082452009374978976223558277179799712043626352062577876228599624872254525385371648150504030046623886232535338359652231395284112492321173453961364059458022800348055169231197186590103880684739284132937334784

30749856625546512529740301844508633963617629884321745779568724056659870914039872844661834918445221099266091937092362084325548613817721973077533875610948607535810853541780594815524328042188323249371200135629500078831297328252188188764968276620044671123456

37945323075924396461699532476123654311104155277253034291987805485918280707925203090312704289361402836494357450371974812057726989451068914777676802503910581699190593270557254002357020804060390889724060967366803097277820903063200224935970853349135124166344704

46824528675690705233737223075536589419902527612130244316312951969623158393579700613445877093071971100234037093759016918079235104982619040835653174289825657816801192095867651438908563672210522357919491233730635022040830994379989077570988033032832743221269364736

57781468385802330258431733275212151344159719073368721486330182730514977457677350556992212332850812337688801773698626876909776119548551896391196017073644861745932671046300681875613167571507784589672652182423603617198385447064906521722599232762515605135046396084224

71302331988080075538904758861611794758693093336537002314131445489455482182773850587328390018737902424707981388744105566106663731522913040146735885068877759394480916071135041434506648783240606183656052793110726863622807641678094647805687453228944256736647252767932416

87987077673290813215008472435228954732227277177286660855638203733988065013542931624763233283122571592089649033710226268575623044699274691541072082174995155092789450431780641130181204598518908030631569146698636949710544629830768795392218317284517212813022709915628601344

108576053848840863507320454985072530139568460036771739495857543407741272226711977624957829871373253344638626907598419215422318837158904969361682949403944021384502181832817311154643606474572332509799356327026117995942812073211168693513997403529094240611270024035885694058496

133982850449469625568033441451579502192227479685376326537888208565152729927762580389197962061274594627284065603976449311831141445054088732192316759564466922388475692381696561964830210389622258317092405707550229606993430098342582167796272795954902292914307209660282946468184064

165334837454645517950953266751249105705208709931754386947754049369398468730859024200270285183612849770068536955306938450799628543196745495525318881302552182227379004399013557464600479620793866763292028643116983335029892741354746395060600630208349429456255096720789155941739134976

204023189419032569151476331171041396440227548055784913493528496921837710413880035863133531916578256616264574602848762048286741622304783941478243499527349392868585691428382729911316991852059631585902363345606357435426887642831757051504781177677103195949018789353453818432106092560384

251764615743086190332921792665065083207240794300838583251014165201547734650727964255106778385057568664470485059915372367585839161924103383784152478416749150799834743222624288710565167945441585377003516368478245075316779351254388201556899973253545343801089186062162011945218918219513856

310677535826968358870825492148690312677735140167234811731751479858709904558998307890801764527161039731956578563935569501600925525814343575589644158366268452086996073136718372268837417244674916355222339198702154422940905719447915040721214566994874954250544055600707922740400145082880098304

383376079210478954846598657311483845844325162966367757676981326145648022225803911937249377426516723029234417947896492764975542098854899972277620891423975269875353154250710471379745372879928846782344366571198458557909077657798727160249978775671675693545171364611273576661653779032274041307136

473086081745731030280702743122371065771897251100497812973394956463729659426642027330565731744321636218075271747704272071979818949986946565790584180017185483026185792345376721682605790133832196929412948348858897860459801829723629315748473809178847805834741463930311593600480763325826166973005824

583788224874232091366387185013005895162521207858014301209169376276242399732476261725918112972492899093104885336667071736823096584283892062185580878141206886054313267754194874556335545025148931010895578262491879959807395457878958575633616680526698192400070966490004506502993261944069490044689186816

720394669494802400746121786306049274630551170496789647692115010324883121269875706969782951408056237480891428505447166523239701185006322804737006803626249297391022572408676475202518062561033780867445143575914979870402325995022634882331882983769945569421687572648665561024693685238981750715146456530944

888967022156586162520714284301664804894100144393038425252069922740905771647026622400712162037541397051420022775721803489677791262297802341045466395674791632980521854352306770399907289200315685590427307172679085160076470277857931444797543601972112832666362464648453302304472007584903480382490727359184896

1096985305341227324550561426828254369239319578181009416761054284662277722212430852042478807954326083961452308105240705506262394417675488088850105532262692875097963968270746554673485594873189556018587297051085991087534364322876687402880168804833587235510291281376191375043718457359770894791993557561234161664

1353679866791074518495392800706065891641320359475365620283140987273250709210139671420418849015638387608432148201867030594727794711411552301641030226812163007870887536846101248467081224073515912126936724561040113002017405574429832255154128305164646648619699441218220156803948576381957284173320050030562955493376

1670440955620185955823314716071285310285389323592601175429395978295191375165312354532796859685297770308805270881103915753894098673881855540225031299886209151712675220468088940608378230506718635564639918108323499444489478478846413002860194328573173964396709110463283673496072543255335288669876941737714687078825984

2061324139235309469485970359631966072892170425313269850479874637216266156953995445493471324851657448561065704267282232040305317763570209736637688624059582093213441222057621752710738736445290796286765658945671198314500016442896473645529479801459296672065539042311692053094153518377083746218628146104339923855271264256

2543673987816371885345687423785846133948938304836574995492165302324872437681230379738943614866945291524355079065826274337736762120245638815010907762089524303025386468019105242845051600773488842617868823138958258720093020290534248478583378075000772093328875178212627993518185441677321342833787132292755466037404740091904

3138893700965402906516578280951734129292989868168333544437331983068892588098638288597856420745810489741054167567229622532767164456383118297723460178418472989933326901535575869670793675354485231790450127753474491260594787038519262622571888544550952763167831969914382944001440835029814537056893321249260245090157449273409536

3873394826991307186641457598694439915547549497319723593835667667107013453713719648129754823200330144340460842777961354205434680939176767979390749860168395669577725396494900623173759395387434776029415457647787522215573967205532770076253710463975875709749104650874348552897777990426791138728206358421587142441254292403387367424

4779769216507273068315558676788938855785676079692538914793213901210054601882730045792117451829207398116128679988004311089506396278944131686568185327447800256258913139274707368996419093908094513620298674737369802414018275531627438274097078712546230625830395139178946114275858040186660265190606646292238533772507796825780011401216

5898235213169974966301399407157550548039524282340593020854825954093207378723288876507472935557241929275302791105197319884450893008217058501225140694070585516223498813864988893341581161882588629807448564625914336178898552006028258830235795131282048592274707601746819505016408821590338767245208601524622350675274621283012534069100544

7278422253051749108415926868432417376280772964408291787734855227351017905344538473610221602477636540725723644223813492737412401972139850190511823616483102527019797536309396294383511153763114369182391528748378290844760813175438871396510971192002047962866989180555575269190248485842478038780587414281383980733288882663237467041270071296

8981573060265858399785253755645603042330473838079832066064811350551156095195160476435013457457403491255542976972185850037966904033620575135091590342740148518342430159805795027269252763743683131571071146475498810902434843458491567303294538450930527186177864648805579882180766631529617899855244869223227832224878481206435034328927267979264

11083261156368069265335003134466674154235804716190512769523977206580126621470828027920806606502435908209340033583677338946851159577487789716703022482941343271634558817200351063650257910459704984358701794750765532653604596827778594052265460448448270547743484976626085574611066023307548488421372168621463144965500045808740832361896248686411776

13676744266958197473423393867931875906326983019779092757592587872919876250895001786454275352424005910730325601442257836260414330918619932510411529743949617597197045580425233212544418261507275950698638014722444667294548072485478785060495578193385165855915460461156589599070055472761514834711973256078885520887427056527986187134579970879032131584

16877102425426415682204468033027934868407497046407400462869253435183127293604432204484575784891223293841221792179746169945351284353576996717847827704033828114941154246244737784279812134699978523162119310167496719441472321447080820764651543490637294666199678209067231565252448453387709306034574998001344732775084987755534954924071684064725650374656

20826344392976196951840313552756471627614851355266732171180658739015979080307869340333966518555769544600067691549806773712563484892314013949824219386777743893837384339866006425801288174219773497582055228746690951790776844665697732823580004667446421618090402909988963751521521391480433283646665547533659400244454874890330134376304458135871452562325504

25699708980932627038570946924101485988476726572399147499236932883945718185099910765972114683897819618036483531372461558761303340357115493214083086723283735964995332275394651929438789606987200496016256152273416634509818626317471002304297725759628884276723557190926381269377557397086854672019985285656535699901657315614667385820359701339665372461909671936

31713440882470861765596548504341233709780280590340548014058375178789016240413289885209589519929909408657020677713617563511448322000680518626178529016532130180804240027837000480927466375022205412084060091905396126985116184875759216843503393587382043197476869573603154486411905828005178665272661842500165053678645127468499554102323871453147069617996535169024

39134386048969043418746140854357082397868866248480236249348034970625646040669999718348633467593508210282763516298604073373127229348839759984704304806400648643112432194350858593464493506777401478511730153411258820699633372136686873584883187686829441305686457053826292636232291791758390472946464713645203676239448087296128449762267657373183483908607724398575616

48291832384427799578732737814276639678970180950624611531695475153752047214186779652442213699010389131488930179112477426542439001016468263821125112131098400425600741327828959504335184987363313424483475009309493384743347581216671602003745853605547530571217088004421645113110648071029853843615937456638181336479478939723422507006638289198508419143221931907842310144

59592121162383904680156198462817373363849203293070770630112216339730026262306486091113691704578820188257339841024797144353369727254321837555268388369775426125191314798540936028349618274406328765812608161487914836773290915221372756872622383349245652724881886597456310069578539719650839643022066821491515769215677011618703373646191648870959389222735863974277410717696

73536677514381738375312748903116638730989916863649330957558474963226852407686203836434295563450264112309557363824599676132058243431833147543201191248302875838486082461399515058983428950617409697012758471276086908578240989383173981980816021052969135462504248061261086625859918014049136119489230457720530459212145432337479963079400494706763886300856056144258324825636864

90744260052747065155135932146445932194041557409743274401627158104621935871084775534159920725297625914589993786959556000346959872394882104068310270000405748784691825757367001582785551325061883566113743953554691245185549380898836693764326969979363913160730242107596180896311138829336633971449710384827134586667787463504450274439980210468146635695256373282014772834835890176

111978416905089878401437740268714280327447281843623200611607913101103468864918613009153342175017270378604052333108092104428148482535284516420294873180500694000309712984590879953157370335126364320584360038686488996558967936029164480105179480954535068840341118760773687226047945315401406320768942614876684079948049729964491638658935579717692948447946364630006229678187488477184

138181366460880909947374171491593421924069945795031029554724164766761680579309568453295224243971311647197400579055385656864335227448541093262643873504737856396382185822985145862196194993545933571601100287739127421753766433059988968449791479497896274948980940550794730036943164519205335399828875186757828154655893366776182682105126505371633098384765813953427687422883360780845056

170515806212727042875059727620626282654302313111068290470529619322183913834868007471366306717060598572641592314554345900570589670671499709086102539904846514793135617305563669993950104622035682027355757755070083238444147778396026387067042685700404003287042480639680696865587865016699383883388831980459159942845372414601809429717726107628595243406801014418529766279838067203562799104

210416504866505170907823703883852832795409054379058270440633550243574949672227121219666022488852778638639724916160062841304107653608630641012250534242580599254729351755065568772534429103592031621757005069756482716240078358540696561640730674154298540056210421109365979932135425430607039712101818663886603369471189559618632836271674016813686530363992451792465731589320174929196494094336

259653967005267380900254450592674395669534773103757905723741801000571487895528267585067871751244328840081420546541517546169268844553050211009117159255344459480336020065750911865307485513832567021248144256079499671840256694439219557064661651906404398429363659648957619236255114981369087004733644231236068557927447916569392919959245736748089178469166685511902712781221095862628473712410624

320412995284499948030913992031360204256205910010037255663097382434705216063081882199973753741035501788660472954432232651972877754178463960385250574521095062998734648761136625241789437124069387704220210012002102595050876760937996933417792478452503027661834756006813702137538811887009453363841316981345308600482470729046630863229709239147142046230951689921687947572026832294483536561114710016

395389636181072935870147866166698492052158092952385973488262169924426236621843042634767612116437809207207023625769375092534531148656224527115399208959031307740438556571242595548368165411101624427007739154810594602292781922997488215837555918410388736134704088912408108437722893868569665450980185154980110812995368879643542485225461201107573285048994385363362927303881111051392684116415552159744

487910811047444002863762466849705939192363086703244291284515517686741975991354314611303233351684256561693467154199408864187611437441781066460402623855444633751701178808913362906686316117299404542927550117036273739229292892978900458343544003318419700390224845717911605812150051033814967166509548481245456743236285197480131426768219122166745433750459071538389852292989291037418572199656791365124096

602081940832545899533882884092537128963376048991803455445092148825439598373331224230348189955978372597129738468282070538407512513803157836012136837837618678049599254650199089826850914088747465205972596844422761794208947429935963165595933300094929910281537459615902921572193162975727669483472782825856893621153575933690482180631982396753763865248066494278373077729548785140174518094376480544563134464

742969114987361640024811478970190817140806044455885464019243711650592464392690730700249666405677311784858097269860075044394870442033096769638976857891621448713205480238345676846334027985514372064170184506017688054053841128540978546345381692317143509287417225166024205220086363112047944142605414007107406728503512702174055010899866277594144609716114053939512377918263200862975355328460576991990907928576

916823887894404263790617365049215468351754658858562662599746740176831101060580361684108088344605802742514892031007332604783270125468841413734497442638260867712095562614118565228376190534124735127186007680425827058702439952619567526190201008319355090460672855854873869241586572080267163071975080884770539902973334674482783883450434986551174448389684742561358274351136789864911588475320352008116780383862784

1131360677661694861517621828470731887946065249031466325648087477378209578708756166318189381017243560584263376766263048434302555334828550304548369844215613910756725924265822309491816219119109923146947533477645470590438810901532546327318708044266084181628470304124914354644117829947049679230817249811806846240269094988311755312177836773404149269312870972320716110549302798693300900178545314378016106993686675456

1396099076234531459112745336332883149725444517304829445849739947084710620126605109236645696175278553760981006929568601767929353283178431075812688387762067565873799790544024729912901214392981645163333256311414510708601492652491162167911285726624347880129532355290144313630841402154659304170828486267769648260492063215576706055227450578380720198332082779843763680417839653587533310820324917942471876030209357512704

1722786260073411820545127745034777806761198534354159536178579094702532905236230704798020789080293735341050562551087654581624821951442183947552857470498391376288268941531326516712520098560939350131553238288285506214414241933174094115202526586654445284079842926428038083020458290258849581346802352054427745953447206008021655272150674013721808724741790150327204381635614132527016105552280948741010295021278347170676736

2125918244930590186552687637372915813543318991393032867644366602862925605061508689720757653725082469410856394188042165753725030288079654991280226118595014958339723873849656921623249801624199158062336696047744314668587174545536832138159917807931585480554526171212198994447245530179420383381954102435163838506553852213898722605833931732932711966331369045503770206938347839538337874251514690746406704056257480408615092224

2623383114244348290206016544518178113912455635379002558673148387932850196645901723115414944696751767252996790428044032540096687375490294259239799030346248458591219260330476641283090255204261761048923482922916484301036573389192450858489338574987576483004285295275853559147900984241404753093331362404992176717087453631951023695599071758438966566452909402151652435361921233990308936826369128381065872805421730824231023804416

3237254762977525790114224415935431792567970254057689157402665110709137142661042726324422041755791680790198039388206336154479312221355023115901912003447270597901564567247808175343333374922059013134371577926878941627479131562263484359375843801534669380027288054370403291988509814553893465317170901207760346068885917781827563240369254549913684743002890202255139105236610802744041228043739504422235287041890415837101083374649344

3994772377514266825000952929264322832028875293507188420234888746615075234043726724284336799526646934095104380605046618814627471281152098525022959412253931917810530675983795288373673384653820822207814527161768613968309248347833139699469791251093782014953673459093077662313821111159504536201388892090376267049005222542775213038615660114593486972865566509582841655861977730586146875405974548457038344209692773142982736884317290496

4929549113852605262051175914712174374723632112187870510569852713323002838809958777766871610615882316673358805666627527617250299560941689579878331914721351986578194854164003385853112956662814894604443126517622469636893612461226094389145722403849727006452833048520857835295255251170828597672513892839524313538472444617784612889651724581408362924516109072825226603333680519543305244250972592795985316754760882058440697315247536472064

6083063606494114893371151078754823178408962026439832210043198248240585503091489131764319567499998778774924766192618369079686869658202044941569861582766148351437492450038380178142741388521913579941882818122746127531926717777153000476205821446350563125962795981874738568754344979944802489527882143763973002906474996658346212305830228133457919848852878595866329628513761761116438671405700179510245880875374928460115820487015460006526976

7506500490413737778420000431183451802156659140626752947193306638328882510814897588597170346294998493008257161481691067444333597158221323457897209193133427065673865683347361139828142873436041357648283397563468721374397569737006802587637983664796594897438090241633427393842861705251886272077406565404742685586590145876399225985394501516687073093484452187299050761585982013217685320514634021515643417000212661719782922480977077648054288384

9263021605170552418570280532080379523861317379533413136836540391697841018345583624328908207328028140372189337268406777226307658893245113147045156144326648999041550253250643646547928305820075035337981712593320402176006601055466394393145271842358998103438603358175649404002091344280827659743519701709452474013852240011476644865976814871591848197359813999127028639797101804310623685515058382550303976578262424562212126341525713817698991865856

11430568660780461684515726176587188332444865646344231810856290843355135816638450192421872727842786725219281642189213963097263651074264469623453722682099084864817273012511294259840143529381972593607069433340157376285192145702445530681141265453471003659643236543988751364538580718842541332123503311909464352933093664174162179764615389551544340675542010474922753341509623626519309627925582044067075107097575831909769763905442730851040555962466304

14105321727403089718692406101908590402236964207588782054596662900700237597731847537448590946157998818920593546461490030462023345425642355515341893789710270723184514897438937116642737115257354180511123680741754202335927107796817784860528321569583218515999753895282119183840608607051696003840403086896279011519437581590916129829535390706605716393618840926054677623422875555124828080860168242378770682158408576576655888659316329870184046057683419136

17405967011615412712866429129755200556360413832164557055372282019464093195601099861211561227558970542548012436333478697590136808255242666705931896936502474072409691383439648401937137600227575058750726622035324685682534051021273146517891948816865691648743696306778135072859311021101792868739057409230008300214985975683190504209646672131951454029725649702751472187303828435024037851781447611095403021783476183495593366605596351059807112835181339213824

21478963292333419287677173546117917486548750668891063406329396012018691003371757228735066554807769649504247346435512712826228821386969450715119960819644053005353559167164526127990427798680827622498396651591590662132247018960251062803078664840012263494549721242564218679908389800039612400023996842989830242465292693993057082194703993410828094272681451733195316679132924288819662709098306352091727328880809610433562214391305897207801977238613772589858816

26505040702739439400993632155909510178401158325411572243410474678831064698160748420259072128632787747488241225501422687627566365591520302182458031651440761408606292012281025241940187903572141286163021468064022877071192821396949811498999072412575133152274356013324245851006953013248881701629612104249450519202171184387432439428264727868961868332488911438763020782050028572403463783027310038481191523838919059275015772558871477154427639912449395375885778944

32707220227180468220826142080392335560147029373557880148368525753677533837530363550599695006732860080400489672268755596532416895139936052893153211057877899578220164343154785148554191873008022347125168491591004230305851941603836067389764855357117714309906555320442119380142580018349120019810941336643821940695479241534091630254478674190298945522291316715433567645049735258345874308255700587485790340417226119145369463337647402808563707651962553893843051216896

40360709760340697784499459327204142081221434246970424103086760780038076755512468621440023638308349339214204255579644406121002448602681089270151062445421328079523682799453004873315872771291899576352457918623299220197421295939133707158969831510683259458424689265425575315095943742642814104446701609418476274818221384053069071734026683950828898774507484826845022473991373308798808896387534524957465280074857031025385917758656895065767615242521791505002325201649664

49805115844260421066072332809769911328227249860761503343209062802566986716302386278856989169672503084590328051385281197153317021575708464159366411057649918850132224574525008013671786999774204077218933071581151237723617879188890994634168772084183142171696066553535159938828394578421232604887229786022399723125685187921487234519788927995322861087742236276326757732905354663057730178142217603797512155612373576285326222514182608511157237209271890717172869298835685376

61459512951817359595533258687256070579032426328179695125519983498367661607917144668109524635375868806384464815409436997287193204624424244772658151245139999861063165124963859888870985157721367831288163410331140627350944462919091487378564264751881997439872946127062387364514238909771801034430841555951641258337095521895115247397419537146228410582273919564987219042405207654213239039827496523086130000025668993136092558582501338902768030716241513144991320714763235753984

75841038982542621740888041220073991094526014088973743784891659636985694424169756520447153400053822107078429582215245254652396414506539518049460158636502759828551945764205403102866795684628167903809593648348627534151065467242158895425148302703822384840803215520794986007810570814658402476487658480044325312787975874018572215288415708838445858658526016743194228298328026245299136975147130709488284420031675537529938217290806652206015749903842027220919289762017832920416256

93587842104457595228255842865571305010645101385793599830556307992040346919425479546231787295666416480134782104453612644241057175501069765273033835757444405628433101073029467428937625874831159193301038562062206377142414786576824076954633005536516822893551167952661012733638244385288468655985770564374697435980362228538918113665904984706642189584621104661101677720136784386699135027331559295508542974319087613311943760136855408822223435381341061590614403566330005823793659904

115487397156900672511667710096114990383136055110069302190906484062177788098571041760050025522852357936486321116895758002993464554568320090346923753324686396545486446724118362807309030329541650444533481585584762669393739846635800910962017128832061759450642141253583689713309593571445970321486440876438376635999766990017024952263726751127996461947422443151799470306648791933186732623727144170657542030309754114826938600008879574486623719260574870002818174000851227186561376321536

142511448091615429879397954258605898132789892005825518903578601332727390513636665531901731495199809693624120258249365375693935260337306991488103911602663013337130275257562059704219343426654396648554316276611597134031874970748578324127129136978764211162092402306922273106224038467164327376714268041524956768823712465681008791093438810891947634043119294849320546358404609245552428057679295906591406865402236577696442232410957394916493669567549389583477626717050414348216738380775424

175859126945053440471177075555119678295862726735188690327015994044585599893827645266366736665076565161932164398679716873606316111256236827496320226917686158458018759667831581675006669788491525464316026285338710863395333713903745651972877355031795036574022024446742085013080463468480779982865406763241796652728461182650364848209303492640663380409209209844061554206271287809011696223176251148733796071906359936877409714795121425326953188246355946746011391368840211305699455161876873216

217010162650195945541432511235017683017094604791222843863537736651018630268983314258696553044704481409824290867970770622030194081290196245130459160016424719537195149430104171786958230518998542422965976436107969205429841802957222134534530656109235075132343178167279732906141291920105282498855911945840377069466921099390550222690280509918578611424964164947571957890538769156320433139399493917537504352732448162106723588057179838853460234296003238284578056949148820751233127669756061548544

267790540710341796798127718864011820843094742312368989327605567027356989751925409795231546457165330059723174931075930947585259496312102166490986603460268103908898814396748547985106456460444201349940014922157233999500424784849212114015610829638796082713311481858423190406178354229409918603588195341167025303722180636647938974799806149239526006498405779545303796036924841138899414494018975494241280371271841032039696907662559921145169929121267996043169322275249644807021679544478979950903296

330453527236561777248889605078190586920378912013463332830265269711758525353875955687315728328142017293698397864947698789320210218449134073449877468669970840223581136965587708213621367272188144465825978413942026755383524184503927748695263763774274366068226368613294216961224089119091839556827833051000109224793170905623556694902960788161575092019032731958904884309565253965401877485619415759893739978149451833536985984055598942693139692535644707117270943687658061691864752557887061259414667264

407779652609917233125129772666487184259747577424613752712547342824310020286682929318147608756927249340423822965345460306021139409566231446637148796338744016835899123015535231935608767213880170270829257362804461016143268843677846841889955484497454567728191338868805063730150525972959330013125545984934134783394772897539468961510253612591383663551486391237288627238003523393305916817254359047708875133036423562584640704324609095283334380588985568582712344510570048127761104656432633594117699403776

503200091320637865676410139470445185376528510541973370847283421045198565033766734778594149206048225686082997539236298017630086031404729605150241614682010116775499517801170476208541218741928130114203303585700704893920793753098463002892205067869858936576588112164105448643005749050631813236196923745408722322709149755563704698503652957937767440822534206786814166011696347867339501352491879064872751914166946676229446629136567623579634625646808191631067033126043439389657203146037869855141241064259584

620948912689667126244690112106529358754636182008795139625547741569775029251668150716785180120263510496626418963417591753755526162753436332755398152517600484100966404966644367641339863927539312560926876624754669839098259491323503345568981053751405927735509730410506123625469094328479657533467003901834363346223090798365611597953507750095205021975007211174928680858433293268296944668974978766052975862082012198467137140354524447497269128048161308472736718877537604206836988682210731401244291473296326656

766250958259049233785947598339457228703221048598853202297925913097102386096558497984512912268405171952837001000857308224134319284837740434620161320206718997380592543728839149669413392086583511700183765754947262581447252212293203128432122620329234914825619007326564556553828862401343897396298282814863604369239294045183164711874628563617482997117158898589861992179306683893078429721515123797309372213809203052908447231197483168211630104011431054655357111094881403591236844033848042549135455678047667093504

945553682491666754491859336350890220219774773970984851635640576761824344443153186512888933739211982189800859235057918348581749997489771696321279069135091242767651198961387510692056125834844053438026766941604922025505909229969812660485239313486275884894813855040980662787424816203258369387032080993541687791641288851756025254453291647503974018442574080859889698349264447924058782276349662765879765311840556567289023883297694229573151548350105921444710675091083652031586265537768484505633152306710821193383936

1166813244194716775042954421056998531751202071080195306918380471724091241042851032156904944234187586022214260296061471242149879496902378273260458371312702593575281579518352188193997259280197561942525030405940473779474291989782748823038785312842064441960200297120570137879682223194820827823597587946030442734885350443066935163995361893019903938758136415781103887762992328738288537329015483853095630394811246804034655471989354679293269010664030707062772973062397226606977451673606309879951309946481153352635777024

1439847543336280500403005755584336188180983355712961008737281502107528591446878173681620701184987481151412397205339855512812951299177534789203405630199875000471897469125646600231392617951763791437075887520930544643871276315391912047629861076047107521378887166646783550143527863422408901534319423525401566334848522446744597992370276575986561460427540337073882197499532533663048055064005107074720007907197078556178764852434863674247893959159413892515461848758998177633010175365230186391859916473957743237152548847616

1776771868476970137497309102391070856215333460949793884781805373600690281845447666323119945262274551740842898151389381702811181903185077929877002547666645750582321476901047904685538490552476518633351645200828292090537154973193619466775248567842130681381546763642130900877113383463252584493350168630345532857203076699282833922584921294767416842167584775949170631714423146540201299948982302130204489757481194938324595827904621774021901145602716743364079921368603751199134556400694050007555136928863855154646245277958144

2192536485700581149671679432350581436569721490812045653820747831023251807797282420242730012453646796848200136318814497021268998468530386165468221143820640856218584702495893114381954497341756023993555930177822112439722849236920926422000656732717189260824828706334389531682357915193653689264794108089846387545788596646915017060469792877742992383234799613521276559535598162830608404137044160828672340360731794553892551251634303269143026013673752461311274622968857028979732042598456457709323038970217997260833466673000349696

2705590023354517138694852419520617492727036319662064336814802823482692730821846506579528835367800147310678968217417089324245944110166496528187784891474670816573733522879932103147331849719726933608048017839432486750617995958360423204748810408173011547857838623616636682096029667348968652552755929382870442231503128262293131052619724411134852600911742723085255274466928132932970770705112494462581668005143034479503408244516730234122494100873410537258112884743569573760989340566495268813304630089249008619868497874482431524864

3338698088819474149149447885688441986025162818462987391629466684177642829834158589119138582843865381781377846780292688226119495031945456715783726556079743787651987167233836215283807502554143036072331254013859688650262607012616762234660032043685496250056572861542929665706500609508627317250100816858462125713674860275669723718932739923340408109525090520287205008692189316039285931050108818166825778318346504547707205773733645108907157720477788602976511299773564854021060846259055161715617913530133276636917726377111320501682176

4119953441603231100050418690939537410755050917983326441270761888275211252015351698973017011229329881118220262926881177271031456869420693587277118570202403833962552164366553889660218458151812506513256767453102855794424057053569084597570479541907902372569810911143975207481821752133646109486624408003342263130674777580176439069163001065402063607153961702034410980726161615992478838915834281617863010444839586611870691924787318064391432627069591136073014943920579029861989084283674069557072505296184463369956474349355369499075805184

5084022546938387177462216664619389164871732832791424828528120170131610684986943996532702991856993073299883804451771372752452817776865135886699964315629766331109789370828327499840709577359336633037358851037128924050319286404104250393401971754714351527751146664351665406032568042132919299106494519476124352703252675533937725811347143314706146491227988740310463150216083434134718887222139503516442954888932049879048433835187550491459027861803875461914100440797994522849694530006053801833427471535491627798526289347104525961859543597056

6273683822921969776988375364140326229451718315664618238403700289942407585273888891721355491951529452452056614693485873976526777136651577684187755965487131652589480083602156134803435618461421405168100822179817092278093999422664644985458033145317509785244914983809955111044188963992022415097414237033537451235813801608879153651202374850347384770175338105543111527366646957722243106832120147339290606332942149550745767352621437306460440381465982320001999943944725241196523050027470391462449499874796668703381441054326985036934676798767104

7741725837485710704803655199349162567143420401530138906190166157788930960227978892384152677068187344325837862531761568487034042986628046862287690861411120459295418423165060670347439553181394013977436414569894291871167995287568171912055212901321807074992225090021484607028529181566155660230209168499385214824994231185356875605583730565328672806396367222240199624770442345829247993830836261816684608214850612545620276913134853636172183430729022182882467930827790947636509443733898463064662682845499089179972698261039499535577391169678606336

9553289683457367009727710515996866607854980775488191410238665038711540804921325953202044403502143182898083922364193775513000009045499009828063010522981322646770546334185684867208740408625840213248156535579249556169021306184859124139476132720231109930540405761086512005073205010052636084724078113928241355094042881282730384497290323517615582243093117152244406336966725854753292024387251947081788806537125655881295421710808409387036474353519613373676965426641494029383452653567630703421793750631345876048086309654122742426902500703383400218624

11788759469386390890003994776740133394093046276952428200234512657770041353272916226251322793921644687696235560197415118983042011162145778127829754985358952146114854176385135126135585664244286823148225164904793952312572291832116159188113547776765189654286860709180755814260334982404952928549512392587449832186048915502889294469656259220737628487976906565869597419816939704765562358093868902698927387266813059357518550391137577183603009352243202903117375336475603632259180574502456288022493488279080811043338506113187464154797685867975115869782016

14547329185222806358264929554497324608310819105759296399089388619688231029938778623194132327699309544617154681283610256825073841774087890209741917651932946948305730053659256745651312709677449939764909853492515737153714208120831340438132117956528244033389986115129052674797253368287711913830098292452913092917584361730565389375555823878390233554163502702283083216054103595680703949887834225930476395887247315247177891182663770244566113540668112382446841165210894882207828828936031059419756964536385720827479716543673330767020344361081292983311007744

17951404214564943046098923070249698566655550776506971756476305556695277090944452821021559292380947978057568876703975056922141120749224456518821526382485256534209270886215522824133719883741973225669898759209764419647683332821105874100655033558355853137203242866069251000699810656467036501666341292886894756660299102375517690489435886665933548205837762334617324688610763837069988674161587434798207872524863187015017517719407092481794584109184450679939401997870244284644460774907062327323980094237899979501109970214892890166503104941574315541405783556096

22152032800773139718886071068688128031252949658209603147491761056961971930225454781140604166798089804923039993852705220241922143004542979344225763555986806563214240273589955164981010336537594960476655068864849293845241232701244648640208311411011122771308801696729455734863566350080323043056265155422428129718809092331388830063963884145761998486003798720917778665745682574944366023915398894540988514695681172776531616865748352122534516790733612139045222065371881447251264596235314911917791436289568574704369703245177826465464831497902705378094736908222464

27335608476154054413105411698761149990566139878230650284004833144291073361898211199927505541828842819275031352414238241778531924467606036510774592228087719299006372497610004673586566755287392181228192354979224028605027681153335896422017056281187725499795061293764148376821640875999118635131431201791276312073010419936933816298931433035870306131728687621612538873530172297481347673511602235863579827134470567206240015212333466519207593719765277379581804028668901705908060511754378601306554632381327621185192213804549437858383602068411938436568905344746520576

33732140859574103145772078036271259088358616609736622450461964100055184528582392620710541838616792038985388688879169990354708394793025849054295846809460245614973863662050745767205823376024641951635589366044362451298604158543216496184769047450985653266747105636504959096997904840982912395752186103010434969098094858202176329312881388366263957766553200525069872969936232615091983029113317159055657506683936679932500178772019497684702170650190352286403946171377424705090546671504903194012288416358558284542527191834814006317245364952420332030726029195417206390784

41625461820714443281882744296758733715034532896414992103870063699468097708270672493956808628853121376107969642076895768097710159174593897733001074962873943088877747758970620276731986046014408168318317277698743264902477531642329156292005004554516296131165928355447119525695414573772913896358197651114876751867049055021485590372095633243969723883926649447936223244901311047023507057925833374274681363247977863036705220604672060142922478582334894721422469575479742086081734592637050541411163905786460923125478554724160483795480780351286689725915920027144832686227456

51365819886761623009843306462200277404352613594176100256175658605143632572006009857542701848004751778117234538322889377832574336421448869802523326504186445771675140734569745421487270780781779679704803520680249188889657274046634178864334175620273109425858755590621745494708141584035775748106015901475757911803938533896513218519166011423058639272765485418753299484208217832027007709480478383854956802248004682987294242226165322216366338570601260086235327456142001734224860487314120368101376259740492779136840536529614037003623282953487775121780245313496723534804680704

63385421740263842794146640174355142316971125175213307716120762718747242593855416164207694080437863694196667420290445492245396731144067905336313784906166074082247123666459065850115292143484716124755727544519427499089837076173546576718588372715417017031509704398827233940469846714700147273162823622421085263166060150828297311652650858096054360862592609006741571563512940804721327513498910325677016693974037778806321094907088007614996061796121954946414394080879230140033477841345624534237098304519768089454861222077543721662471131164603914500276822716854956841948975988736

78217610427485582007976953975154245619142368466213221721693021194934097360817583546632294495260323798638687596638409737430819566231779795185011210574208935417492950604410487259042270505060139697948567789936973533876858951998156475670738051930824599016882975228152806682539790845939981735082924350067619214746918226122118882579371158890531081304439279514319099309374968953026118151657655341885438600363962619047000231115346601396905140256414492403875362295804969992801311656220500675248579307777393822387298748043688952531489375857121230493341599232599016742965036370100224

96520531267517208197843561205340339094021682687307115604569188154548676143248898096544251407151239567520140494251797615989631344730016267258303833848573826305186301045842541277658161803244212387268532652782225340804043946765725090977690756082637555186833591431540563446254101903889937461092328647983442110997697091034694701102944010070915354329678070920669768547768711688034229799145546691886631232849129871903998285196337706123780943076415483626382197073023332971116818583776097833256746865797303976825926655085912167423857889807687598428783533453027186660818854880703676416

119106335584116234916138954527389978442022756436136980656038378182713066360769140251135606236424629626319853369906718258131205079396840073796746930969140101660599895490569695936630171665203358085889369293533266070552190230308904762266470393005974743100552651826521055292677561749400182826987933551611567564971158210336813261161032908427509547242822739516106494387946590223034239572145604617788102941335826261929533883932280729356745683756296706794955631188110792886358154132379704726238825632393873107403193492376015614601040636022686496461118880281035548339450466922788336697344

146977218110799433886515469886799233397456081442193034129551358677467923889189119069901338095747992958878699058464890330533907067975700651065185712815918885449180271035363004785801631834860943877987481708220050331061402744201188476636824464969372832986081972353926982231164111198759825608503110002688674375174409231555627564272714608999546781297643260562875414074726092335224251632027676098350519029608409607221044812772434420026224173755270136184975248886128718421765962199356555632178710830374039414535540769592003268417684144851995136633020698266797866650881876182720807484522496

181369887148726501415960089840310254012460804499666204115866376607995418079259372932258251210153023311256314638145674667878841321882014603414439169614843904644288454457637947905679213684218404745436552427943542108529770986344266580169841389772206075904825153884745896073256513219269624800892837743317824178965220991739644414312529827505440728121291783534588260968211997941666726513922152305364540482536777455310769298961184074312360630414003348052259457125482838532459197354005989650108529164681564637536857309676532033227422234747361998605147541661228567447188235209477476435900760064

223810440741528502747294750862942853451376632752588095878979108734266345909806066198406681993328830766090292263471762540162490191202406020613417935304717378331051952800725227715608149686325511455868705696082330961925737397148824959929584274978902297666554239893776435754398537312578717004301761775254195036843082703806721207261661807141713858501674060881681914034773605460016740518179935944819842955450383379853489314918101147701453017930880131496488170092845822749054649534843391228233924989217050762720481920140840529002639037678244706278752066409956052229830282248495205921901537918976

276182083875046172390161722564871481158998764816693710314660220178084670852700685688833845579767777165355420653124154974560512895943769029436957732166021244860518109756094931001060456712925681136541982828965596407016359948081650000553106995323965435320527932028920121720927795043722136783308374030663676675464364056497493969760890670012874901391065791127995481918910629137660657799434040955907686207025773090739205814608936816263593024126706082266666401894571745272333437525996744775640663436693840641197074689453797212789256572494953967547980049949885768451610568294643084107626497792016384

340808691501806976729459565645051407750204475783800038528290711699756483832232646140020965445433437022048589085955207238607672913594610982325205841492870216157879347439021144855308603583750290522492806810943545966258188175932756100682534032229773347185531468123687430203624899083953116790602533553838977017523025245717907558684939086795887628316575186251946424687935716355873251724501606539590084779469803993972179975227428031269273791772355305517066339937901533666059461907079983053140578680880199351237190166785985760581942610458773195954207381638159038269287441275589565788811098275348217856

420557925313229809284153104005993437163752323117209247543910738237499501048975085336785871359664861285207958932068725732441868375375749952189304008402201846738823114739752092751450816822347858504756123604704335722362604209101021028242246995771540310426945831664630288871273125469598146119603526405437297639623413153215897927417214833106125333342653779834901888064912673983147592628034982469854164617865738128561670089430646190586283859047086447008059863483370492543917375993336699087575474092206165999426692665813906428558117181306126123807491908941488253224300702534077524183392895271779700834304

518968479836525584656644930343395901460070366726636211469185850985074384294435255305593765257826438825946621322172807553833265575213675441001601146368317078875707723588854082455290307958777257394869056528205150281395453594030659948850932792782080743066851156274153776467151036829484112311590751584309625287295291831068418042432843104052958661344834764316268929872102239695204129302995168367800039138446320850645100890357417399183474282064104675607945871538479187799194041975777486674068135029782408843292538749614360532840716601731759636778445015633796504478787066927051664842306832765376150829531136

640407104118272571466299844043750542401726832540669084952975340115581790219333105047102706328157825511218130711561244521430249719813675494195975814618503275332623330908645937749828240021131135625268415755805155447241989735033834376882051066293087636944494326842305760160464379447583394592502987455038077604522390119538427864362128390401350988099526099166275859462174163783881895559896037765865248296842759929696054498701053070592407264067105169700205205478483317744205447798109418555800078626751492512622992817024120897525444286536991391784601149292104886526823240587981754415406631632474170123641421824

790262366481948353189414007549988169323730911355185650831971569702627929130657051628124739608946756680843173298066575739444928154250075559837834155239233041760457190341269087183288048186075821361581225042663561821896615333031751621072451015805670143989505999323405308038013044238317908927148686519516987763980629407510419984622866433755267119314815206371184410576322918109310259120911710603077716398303965753244931251397099489111030563858807779410053223560448414096349522582867022497857297025411341760576773136207765187546398249586647377462197818226457429974099878885569484948611783434473125932573514530816

975183760238724267835736885316685400945483944612299093126652917013042864547230801709105928677440297744160475849814154462475041342344593240839887347565213573532404172881126053584177451461617563560191231702646835288220423320961181500403404553504196957683050403165082150118908096590084299616101479165083962900752096688867858261024617179253999625234481964662041562651182480946888859755205050884197902035507093739504245164224020769563011715801768799792005677873593342994895310867257905762355904529357595732551738050080382241432255439989922863788352107691448468588039250544792744426586940758139837400795716931026944

1203376760134585746509299316480789784766727187651577080918289699594094894851282809309036715987961327416294027198670666606694201016453228059196420986895473549738986749335309550122874975103636073433275979921066194745664002378066097971497801219024179045780884197505711373246732591192164025726269225289713610219528087314062937094104377599199435537539350744392959288311559181488460852937923032791100211111815753674548238532652441629640756457299382698943335006496014185255700813610196255710747186189227273133968844753799191685927403212947564813914826500891247410237640435172274246622408284895544559352581914692887248896

1484966922006078811192475356537294594402141349562046117853169489299113100246482986687351307529144278031706829563159602592660644054303283425048383497829014360377909648679771984851627719277886914616662559222595684316149378934533564896828286704275836942493611099722047834586468017531130407746216224007506595010897659745553664374124801957412103453323558818580911761776464029956760692525397022464217660511980640034392526349293112970976693468307438250496075398016081504605534803994982179547062027757506455047317554426188202540434415564777294980370895902099799304233248297002586420332051823561101986241086082731022865137664

new